lwagepred;zimean_pred;zisd_pred
2.4951859;.082462527;.85924417
2.481497;.077248782;.86317074
2.4678082;.072035037;.86623085
2.4541194;.066821292;.86899763
2.4404306;.061607551;.87198532
2.4267418;.05639381;.87564903
2.413053;.051180065;.88038486
2.3993642;.045966323;.88652986
2.3856754;.040752579;.89436191
2.3719866;.035538837;.9041
2.3582976;.030325094;.91590399
2.3446088;.025111351;.92987472
2.33092;.019897608;.94605392
2.3172312;.014683865;.96442431
2.3035424;.0094701219;.98490959
2.2898536;.0042563793;1.0073769
2.2761648;-.00095736387;1.0316243
2.262476;-.0061711068;1.0574082
2.2487872;-.011384849;1.0844063
2.2350984;-.016598593;1.1122566
2.2214096;-.021812337;1.140519
2.2077208;-.02702608;1.1687136
2.194032;-.032239821;1.1962816
2.1803429;-.037453566;1.222625
2.1666541;-.042667307;1.2470675
2.1529653;-.047881052;1.2688926
2.1392765;-.053094793;1.287306
2.1255877;-.058308538;1.3014733
2.1118989;-.063522279;1.3104815
2.0982101;-.068736024;1.3133786
2.0845213;-.073949769;1.3091334
2.0708325;-.079163507;1.2966758
2.0571437;-.084377252;1.2748566
2.0434549;-.089590997;1.2424872
2.0297661;-.094804741;1.1983006
2.0160773;-.10001848;1.1409903
2.0023885;-.10523222;1.0691707
1.9886996;-.11044597;.98141754
1.9750108;-.11565971;.8762272
1.9613219;-.12087345;.75205702
1.947633;-.12608719;.6072855
