1,-1
2,-1
3,69
4,69
5,70
6,70
7,68
8,65
9,63
10,69
11,70
12,70
13,62
14,72
15,69
16,70
17,67
18,68
19,68
20,69
21,66
22,70
23,69
24,69
25,-1
26,65
27,-1
28,71
29,-1
30,67
31,69
32,68
33,63
34,64
35,70
36,68
37,68
38,68
39,69
40,66
41,68
42,68
43,69
44,68
45,-1
46,72
47,68
48,70
49,69
50,70
51,65
52,73
53,62
54,70
55,67
56,67
57,70
58,66
59,67
60,71
61,-1
62,-1
63,66
64,68
65,72
66,69
67,70
68,70
69,-1
70,70
71,63
72,-1
73,69
74,-1
75,-1
76,67
77,66
78,72
79,-1
80,69
81,70
82,74
83,66
84,65
85,68
86,68
87,70
88,69
89,69
90,67
91,69
92,70
93,-1
94,68
95,65
96,63
97,73
98,62
99,72
100,68
101,69
102,71
103,-1
104,64
105,70
106,74
107,67
108,70
109,63
110,72
111,67
112,-1
113,70
114,73
115,-1
116,68
117,-1
118,-1
119,-1
120,69
121,69
122,68
123,70
124,69
125,64
126,62
127,-1
128,67
129,69
130,70
131,71
132,68
133,69
134,69
135,-1
136,65
137,68
138,70
139,70
140,69
141,73
142,65
143,68
144,62
145,69
146,70
147,67
148,76
149,65
150,65
151,-1
152,66
153,-1
154,69
155,-1
156,68
157,70
158,69
159,-1
160,75
161,69
162,72
163,-1
164,69
165,71
166,-1
167,65
168,69
169,65
170,69
171,71
172,66
173,70
174,63
175,62
176,71
177,67
178,73
179,-1
180,66
181,67
182,-1
183,-1
184,70
185,70
186,68
187,63
188,70
189,-1
190,67
191,68
192,70
193,66
194,68
195,66
196,-1
197,-1
198,70
199,70
200,71
201,-1
202,-1
203,-1
204,70
205,70
206,68
207,69
208,73
209,-1
210,71
211,70
212,76
213,70
214,65
215,69
216,-1
217,69
218,64
219,64
220,71
221,72
222,-1
223,70
224,70
225,62
226,70
227,69
228,68
229,69
230,67
231,-1
232,66
233,71
234,66
235,67
236,63
237,73
238,-1
239,70
240,68
241,69
242,67
243,74
244,68
245,65
246,70
247,65
248,71
249,62
250,69
251,71
252,67
253,69
254,69
255,70
256,67
257,68
258,70
259,69
260,75
261,64
262,70
263,70
264,70
265,67
266,74
267,64
268,73
269,71
270,72
271,70
272,70
273,62
274,68
275,68
276,68
277,71
278,-1
279,65
280,-1
281,70
282,68
283,69
284,69
285,64
286,68
287,-1
288,70
289,69
290,68
291,-1
292,71
293,68
294,68
295,-1
296,73
297,69
298,70
299,69
300,69
301,69
302,68
303,73
304,71
305,72
306,68
307,70
308,67
309,69
310,65
311,70
312,67
313,67
314,65
315,-1
316,62
317,64
318,62
319,69
320,69
321,71
322,68
323,71
324,-1
325,69
326,69
327,67
328,67
329,68
330,71
331,67
332,69
333,-1
334,68
335,72
336,70
337,-1
338,-1
339,68
340,69
341,71
342,69
343,-1
344,74
345,72
346,-1
347,63
348,67
349,72
350,71
351,70
352,68
353,-1
354,68
355,-1
356,70
357,70
358,66
359,67
360,-1
361,-1
362,70
363,68
364,-1
365,69
366,67
367,64
368,71
369,64
370,73
371,68
372,64
373,70
374,70
375,68
376,69
377,65
378,72
379,65
380,69
381,69
382,69
383,65
384,69
385,65
386,68
387,70
388,62
389,73
390,69
391,71
392,-1
393,65
394,-1
395,73
396,69
397,69
398,64
399,69
400,65
401,67
402,68
403,69
404,67
405,74
406,63
407,66
408,63
409,68
410,-1
411,69
412,69
413,67
414,69
415,71
416,69
417,63
418,71
419,69
420,69
421,-1
422,69
423,67
424,68
425,62
426,69
427,69
428,68
429,68
430,70
431,62
432,-1
433,65
434,68
435,67
436,-1
437,69
438,70
439,63
440,68
441,70
442,63
443,70
444,66
445,65
446,69
447,-1
448,68
449,68
450,70
451,72
452,73
453,70
454,-1
455,70
456,69
457,74
458,72
459,67
460,64
461,69
462,70
463,70
464,68
465,73
466,67
467,68
468,64
469,71
470,68
471,66
472,-1
473,75
474,68
475,70
476,-1
477,68
478,62
479,70
480,69
481,77
482,68
483,81
484,70
485,69
486,-1
487,64
488,70
489,62
490,-1
491,-1
492,68
493,69
494,-1
495,68
496,-1
497,-1
498,75
499,75
500,69
501,70
502,67
503,69
504,72
505,70
506,72
507,70
508,68
509,68
510,-1
511,69
512,69
513,66
514,68
515,63
516,-1
517,71
518,65
519,66
520,68
521,74
522,64
523,68
524,69
525,62
526,67
527,67
528,69
529,68
530,68
531,67
532,67
533,70
534,-1
535,68
536,67
537,66
538,71
539,67
540,-1
541,68
542,67
543,64
544,71
545,66
546,62
547,-1
548,65
549,63
550,69
551,72
552,71
553,74
554,-1
555,70
556,69
557,69
558,70
559,70
560,71
561,-1
562,70
563,74
564,69
565,66
566,68
567,65
568,75
569,69
570,69
571,65
572,71
573,71
574,70
575,71
576,69
577,69
578,70
579,69
580,69
581,68
582,68
583,-1
584,70
585,69
586,69
587,68
588,67
589,70
590,70
591,-1
592,67
593,63
594,70
595,-1
596,74
597,70
598,69
599,68
600,-1
601,-1
602,-1
603,67
604,72
605,71
606,69
607,69
608,71
609,66
610,74
611,65
612,69
613,68
614,67
615,-1
616,-1
617,71
618,67
619,69
620,66
621,62
622,69
623,68
624,70
625,76
626,-1
627,67
628,64
629,70
630,67
631,64
632,68
633,69
634,72
635,-1
636,68
637,71
638,67
639,70
640,69
641,66
642,66
643,68
644,73
645,-1
646,-1
647,68
648,70
649,69
650,65
651,70
652,69
653,62
654,70
655,-1
656,-1
657,64
658,-1
659,-1
660,67
661,63
662,-1
663,67
664,-1
665,70
666,69
667,68
668,70
669,71
670,73
671,65
672,62
673,70
674,-1
675,71
676,70
677,73
678,63
679,68
680,66
681,-1
682,70
683,70
684,69
685,69
686,70
687,71
688,67
689,64
690,67
691,67
692,67
693,-1
694,72
695,67
696,70
697,70
698,68
699,68
700,70
701,68
702,70
703,-1
704,71
705,-1
706,-1
707,70
708,68
709,68
710,67
711,68
712,71
713,68
714,69
715,67
716,64
717,63
718,-1
719,65
720,66
721,-1
722,69
723,66
724,71
725,73
726,62
727,64
728,68
729,68
730,70
731,65
732,69
733,66
734,70
735,70
736,68
737,70
738,67
739,72
740,66
741,65
742,-1
743,70
744,66
745,70
746,-1
747,-1
748,70
749,68
750,70
751,63
752,72
753,68
754,-1
755,70
756,63
757,70
758,65
759,-1
760,66
761,67
762,69
763,64
764,65
765,68
766,-1
767,68
768,-1
769,-1
770,67
771,65
772,65
773,69
774,-1
775,64
776,68
777,66
778,65
779,62
780,70
781,76
782,65
783,70
784,67
785,67
786,62
787,-1
788,62
789,70
790,73
791,70
792,68
793,67
794,72
795,71
796,73
797,-1
798,62
799,-1
800,-1
801,70
802,66
803,-1
804,65
805,70
806,74
807,69
808,65
809,63
810,67
811,66
812,66
813,70
814,72
815,73
816,71
817,68
818,67
819,70
820,69
821,65
822,67
823,68
824,67
825,65
826,70
827,65
828,-1
829,70
830,67
831,63
832,69
833,68
834,64
835,70
836,65
837,-1
838,64
839,66
840,68
841,66
842,68
843,67
844,67
845,70
846,68
847,-1
848,65
849,62
850,69
851,-1
852,68
853,66
854,68
855,68
856,62
857,66
858,67
859,68
860,74
861,69
862,69
863,-1
864,70
865,70
866,70
867,65
868,-1
869,70
870,70
871,-1
872,69
873,-1
874,65
875,70
876,67
877,67
878,69
879,69
880,69
881,70
882,-1
883,66
884,71
885,70
886,-1
887,64
888,70
889,68
890,70
891,70
892,70
893,-1
894,70
895,69
896,69
897,66
898,-1
899,69
900,70
901,68
902,71
903,67
904,70
905,68
906,68
907,68
908,70
909,69
910,69
911,70
912,67
913,-1
914,67
915,66
916,69
917,-1
918,74
919,70
920,63
921,65
922,67
923,71
924,65
925,67
926,70
927,81
928,67
929,70
930,66
931,65
932,65
933,67
934,70
935,68
936,-1
937,70
938,63
939,72
940,72
941,70
942,69
943,69
944,69
945,67
946,69
947,69
948,-1
949,71
950,-1
951,67
952,69
953,65
954,71
955,69
956,70
957,67
958,72
959,65
960,-1
961,69
962,72
963,69
964,-1
965,72
966,63
967,69
968,69
969,68
970,70
971,70
972,70
973,65
974,-1
975,67
976,70
977,69
978,68
979,-1
980,72
981,62
982,-1
983,69
984,64
985,69
986,65
987,-1
988,69
989,65
990,69
991,-1
992,-1
993,65
994,69
995,70
996,69
997,77
998,70
999,73
1000,71
